#
#
#
1 . 960 540 590.6250076823801
2 . 960 540 590.6250076823801
3 . 960 540 590.6250076823801
4 . 960 540 590.6250076823801
5 . 960 540 590.6250076823801
6 . 960 540 590.6250076823801
7 . 960 540 590.6250076823801
8 . 960 540 590.6250076823801
9 . 960 540 590.6250076823801
10 . 960 540 590.6250076823801
11 . 960 540 590.6250076823801
12 . 960 540 590.6250076823801
13 . 960 540 590.6250076823801
14 . 960 540 590.6250076823801
15 . 960 540 590.6250076823801
16 . 960 540 590.6250076823801
17 . 960 540 590.6250076823801
18 . 960 540 590.6250076823801
19 . 960 540 590.6250076823801
20 . 960 540 590.6250076823801
21 . 960 540 590.6250076823801
22 . 960 540 590.6250076823801
23 . 960 540 590.6250076823801
24 . 960 540 590.6250076823801
25 . 960 540 590.6250076823801
