1 0.6774035692214966 0.7088130712509155 0.14223513007164001 0.13593226671218872 21.00949478149414 -46.96784973144531 -4.247366905212402  1  Image0000024.jpg
2 0.6873581409454346 0.7192589640617371 0.07303430140018463 0.06979504972696304 10.882038116455078 -50.03996276855469 -4.247374534606934  2  Image0000023.jpg
3 0.6908631920814514 0.7229730486869812 0.003065712284296751 0.0029295526910573244 0.3498418927192688 -51.07734680175781 -4.247366905212402  3  Image0000022.jpg
4 0.6878618001937866 0.7198929786682129 -0.06704995036125183 -0.06406660377979279 -10.182376861572266 -50.04002380371094 -4.247366905212402  4  Image0000021.jpg
5 0.6783469915390015 0.7100076675415039 -0.13668109476566315 -0.13058620691299438 -20.309843063354492 -46.96788024902344 -4.247374534606934  5  Image0000020.jpg
6 0.8879944682121277 0.41550251841545105 0.0835062712430954 0.17846612632274628 17.864253997802734 -39.37455749511719 37.07200622558594  6  Image0000019.jpg
7 0.9011793732643127 0.42138195037841797 0.04301486164331436 0.0919928103685379 9.278606414794922 -41.978973388671875 37.07200622558594  7  Image0000018.jpg
8 0.9060240983963013 0.4231967031955719 0.002112298971042037 0.004522232338786125 0.3498266339302063 -42.85838317871094 37.07200622558594  8  Image0000017.jpg
9 0.9024360179901123 0.420929878950119 -0.038805194199085236 -0.08319485932588577 -8.578937530517578 -41.97901916503906 37.07200622558594  9  Image0000016.jpg
10 0.8903797268867493 0.4146033823490143 -0.0793418362736702 -0.17039018869400024 -17.164594650268555 -39.37458801269531 37.07200622558594  10  Image0000015.jpg
11 0.8494656085968018 0.4927610456943512 -0.09466711431741714 -0.16319561004638672 -19.11115837097168 -44.07398986816406 27.555620193481445  11  Image0000014.jpg
12 0.861042320728302 0.5000655055046082 -0.046412404626607895 -0.0799156129360199 -9.571285247802734 -46.9678955078125 27.555620193481445  12  Image0000013.jpg
13 0.8645212054252625 0.5025761723518372 0.002260777400806546 0.0038889427669346333 0.3498418927192688 -47.94500732421875 27.555620193481445  13  Image0000012.jpg
14 0.8599303364753723 0.5002775192260742 0.050891440361738205 0.08747763186693192 10.27096939086914 -46.967864990234375 27.555620193481445  14  Image0000011.jpg
15 0.8473538756370544 0.49319714307785034 0.0990208089351654 0.1701260507106781 19.810832977294922 -44.073974609375 27.555620193481445  15  Image0000010.jpg
16 0.7422884106636047 0.6405558586120605 0.12851686775684357 0.14892780780792236 21.414249420166016 -47.94500732421875 6.491188049316406  16  Image0000009.jpg
17 0.7532545328140259 0.6499336361885071 0.06595729291439056 0.07644262164831161 11.088375091552734 -51.07731628417969 6.491188049316406  17  Image0000008.jpg
18 0.7571824789047241 0.6531901359558105 0.0027171915862709284 0.003149786964058876 0.3498418927192688 -52.135005950927734 6.491188049316406  18  Image0000007.jpg
19 0.7437078356742859 0.6411868333816528 -0.12351084500551224 -0.14325931668281555 -20.714590072631836 -47.94502258300781 6.491188049316406  19  Image0000005.jpg
20 0.7540051341056824 0.6502748727798462 -0.06063196435570717 -0.07030382752418518 -10.38870620727539 -51.07734680175781 6.491188049316406  20  Image0000006.jpg
21 0.7988640069961548 0.5684257745742798 0.11406408250331879 0.16030536592006683 21.009502410888672 -46.96784973144531 17.22972869873047  21  Image0000004.jpg
22 0.8006661534309387 0.568506121635437 -0.1094411313533783 -0.15413345396518707 -20.309843063354492 -46.96788024902344 17.22972869873047  22  Image0000003.jpg
23 0.8107025623321533 0.5766766667366028 0.05855635553598404 0.08231959491968155 10.882038116455078 -50.03996276855469 17.22972869873047  23  Image0000002.jpg
24 0.8116524815559387 0.5767321586608887 -0.053716130554676056 -0.07559632509946823 -10.182376861572266 -50.04002380371094 17.22972869873047  24  Image0000001.jpg
25 0.8150463700294495 0.5793788433074951 0.0025652393233031034 0.0036086738109588623 0.37025052309036255 -51.07316589355469 17.240211486816406  25  Image0000000.jpg
