# Camera list with one line of data per camera:
#   CAMERA_ID, MODEL, WIDTH, HEIGHT, PARAMS[]
# Number of cameras: 28
1 SIMPLE_RADIAL 1280 960 1064.91 640 480 0.0187869
2 SIMPLE_RADIAL 1280 960 1063 640 480 0.0192093
3 SIMPLE_RADIAL 1280 960 1061.37 640 480 0.0419409
4 SIMPLE_RADIAL 1280 960 1076.22 640 480 0.014251
5 SIMPLE_RADIAL 1280 960 1073.92 640 480 0.0181632
6 SIMPLE_RADIAL 1280 960 1049.71 640 480 0.0495787
7 SIMPLE_RADIAL 1280 960 1091.05 640 480 0.0101318
8 SIMPLE_RADIAL 1280 960 1076.62 640 480 0.02273
9 SIMPLE_RADIAL 1280 960 1072.15 640 480 0.0443537
10 SIMPLE_RADIAL 1280 960 1069.17 640 480 0.0262811
11 SIMPLE_RADIAL 1280 960 1063.87 640 480 0.0334459
12 SIMPLE_RADIAL 1280 960 1057.71 640 480 0.00946275
13 SIMPLE_RADIAL 1280 960 1063.34 640 480 0.00624477
14 SIMPLE_RADIAL 1280 960 1060.42 640 480 0.00188241
15 SIMPLE_RADIAL 1280 960 1057.94 640 480 -0.000346945
16 SIMPLE_RADIAL 1280 960 1064.68 640 480 0.0057101
17 SIMPLE_RADIAL 1280 960 1045.82 640 480 0.00461884
18 SIMPLE_RADIAL 1280 960 1040.7 640 480 -0.0084802
19 SIMPLE_RADIAL 1280 960 1044.19 640 480 0.00316712
20 SIMPLE_RADIAL 1280 960 1038.19 640 480 0.00576284
21 SIMPLE_RADIAL 1280 960 1058.66 640 480 0.0191551
22 SIMPLE_RADIAL 1280 960 1061.15 640 480 0.0100943
23 SIMPLE_RADIAL 1280 960 1063.72 640 480 0.00433613
24 SIMPLE_RADIAL 1280 960 1062.8 640 480 0.0418471
25 SIMPLE_RADIAL 1280 960 1083.16 640 480 0.0220913
26 SIMPLE_RADIAL 1280 960 1062.68 640 480 0.0231823
27 SIMPLE_RADIAL 1280 960 1061.32 640 480 0.0476716
28 SIMPLE_RADIAL 1280 960 1067.67 640 480 0.0555479
