# Camera list with one line of data per camera:
#   CAMERA_ID, MODEL, WIDTH, HEIGHT, PARAMS[]
# Number of cameras: 13
1 SIMPLE_RADIAL 1280 960 1042.82 640 480 -0.0191318
2 SIMPLE_RADIAL 1280 960 1044.5 640 480 -0.0121125
3 SIMPLE_RADIAL 1280 960 1044.77 640 480 -0.0152994
4 SIMPLE_RADIAL 1280 960 1048.48 640 480 -0.00648506
5 SIMPLE_RADIAL 1280 960 1053.12 640 480 -0.00558001
6 SIMPLE_RADIAL 1280 960 1042.87 640 480 -0.00943853
7 SIMPLE_RADIAL 1280 960 1051.01 640 480 -0.0135877
8 SIMPLE_RADIAL 1280 960 1041.65 640 480 0.00536319
9 SIMPLE_RADIAL 1280 960 1039.02 640 480 -0.00182019
10 SIMPLE_RADIAL 1280 960 1028.33 640 480 0.000750672
11 SIMPLE_RADIAL 1280 960 1037.34 640 480 0.00561601
12 SIMPLE_RADIAL 1280 960 1052.46 640 480 0.00283486
13 SIMPLE_RADIAL 1280 960 1056.98 640 480 -0.000880422
