# Camera list with one line of data per camera:
#   CAMERA_ID, MODEL, WIDTH, HEIGHT, PARAMS[]
# Number of cameras: 11
1 SIMPLE_RADIAL 6208 4138 3415.05 3104 2069 0.000534413
2 SIMPLE_RADIAL 6208 4138 3413.45 3104 2069 0.000535038
3 SIMPLE_RADIAL 6208 4138 3414.64 3104 2069 0.000151275
4 SIMPLE_RADIAL 6208 4138 3415.51 3104 2069 1.70368e-05
5 SIMPLE_RADIAL 6208 4138 3414.06 3104 2069 -5.33731e-05
6 SIMPLE_RADIAL 6208 4138 3413.86 3104 2069 -0.000214931
7 SIMPLE_RADIAL 6208 4138 3412.6 3104 2069 -0.000543861
8 SIMPLE_RADIAL 6208 4138 3410.74 3104 2069 -0.000350964
9 SIMPLE_RADIAL 6208 4138 3408.44 3104 2069 -7.32351e-05
10 SIMPLE_RADIAL 6208 4138 3406.68 3104 2069 -0.000196003
11 SIMPLE_RADIAL 6208 4138 3406.3 3104 2069 -0.000191309
